NAME : pairopt
TYPE : ACVRP
DIMENSION : 14
EDGE_WEIGHT_TYPE : EXPLICIT
EDGE_WEIGHT_FORMAT : FULL_MATRIX
CAPACITY : 32724
VEHICLES : 2
EDGE_WEIGHT_SECTION
100000 -100000 -100000 100000 100000 100000 100000 100000 100000 100000 100000 100000 100000 100000 
100000 100000 1000000 2525 2661 2000 531 1675 2661 2942 534 2254 2825 2942 
100000 1000000 100000 2681 2754 2052 470 1729 2858 2754 1729 2210 2681 2858 
0 0 0 100000 466 702 2455 3156 466 4614 2455 3880 4550 4614 
0 0 0 466 100000 500 2300 3450 2200 4550 2851 4110 4614 4802 
0 0 0 702 500 100000 500 2851 2388 3800 2388 3450 3880 4110 
0 0 0 2455 2300 500 100000 2388 2851 3050 2200 2851 3156 3450 
0 0 0 3156 3450 2851 2388 100000 3050 2851 499 500 2455 2300 
0 0 0 466 2200 2388 2851 3050 100000 4802 2300 3800 4614 4550 
0 0 0 4614 4550 3800 3050 2851 4802 100000 3450 2388 466 2200 
0 0 0 2455 2851 2388 2200 499 2300 3450 100000 2300 3156 3050 
0 0 0 3880 4110 3450 2851 500 3800 2388 2300 100000 702 500 
0 0 0 4550 4614 3880 3156 2455 4614 466 3156 702 100000 466 
0 0 0 4614 4802 4110 3450 2300 4550 2200 3050 500 466 100000 
DEMAND_SECTION
1 0
2 0
3 0
4 3966
5 3966
6 3966
7 3966
8 3966
9 3966
10 3966
11 3966
12 3966
13 3966
14 3966
DEPOT_SECTION
1
EOF