NAME : amtsp
TYPE : ATSP
DIMENSION : 20
EDGE_WEIGHT_TYPE : EXPLICIT
EDGE_WEIGHT_FORMAT : FULL_MATRIX
EDGE_WEIGHT_SECTION
100000 -100000 100000 100000 100000 100000 100000 100000 100000 100000 100000 100000 100000 100000 100000 100000 100000 100000 100000 100000 
100000 100000 258 1594 1594 268 1925 2125 2801 2675 2801 2125 1594 1594 2125 1925 2125 2801 2675 2801 
0 0 100000 465 684 499 2292 2447 3148 3042 3149 2449 685 469 706 505 695 2461 2307 2463 
0 0 465 100000 499 693 2455 2300 3050 3156 3450 2851 2388 2200 2388 702 500 2300 2455 2851 
0 0 684 499 100000 465 702 500 2300 2455 2851 2388 2200 2388 2851 2455 2300 3050 3156 3450 
0 0 499 693 465 100000 495 688 2447 2292 2449 698 469 694 2463 2307 2461 3162 3057 3164 
0 0 2292 2455 702 495 100000 466 702 500 702 466 702 2455 3156 3050 3156 3880 3800 3880 
0 0 2447 2300 500 688 466 100000 500 702 2388 2200 2388 2851 3450 3156 3050 3800 3880 4110 
0 0 3148 3050 2300 2447 702 500 100000 466 2200 2388 2851 3450 4110 3880 3800 4550 4614 4802 
0 0 3042 3156 2455 2292 500 702 466 100000 466 689 2455 3156 3880 3800 3880 4614 4550 4614 
0 0 3149 3450 2851 2449 702 2388 2200 466 100000 599 2300 3050 3800 3880 4110 4802 4614 4550 
0 0 2449 2851 2388 698 466 2200 2388 689 599 100000 500 2300 3050 3156 3450 4110 3880 3800 
0 0 685 2388 2200 469 702 2388 2851 2455 2300 500 100000 499 2300 2455 2851 3450 3156 3050 
0 0 469 2200 2388 694 2455 2851 3450 3156 3050 2300 499 100000 500 702 2388 2851 2455 2300 
0 0 706 2388 2851 2463 3156 3450 4110 3880 3800 3050 2300 500 100000 466 2200 2388 702 500 
0 0 505 702 2455 2307 3050 3156 3880 3800 3880 3156 2455 702 466 100000 466 702 500 702 
0 0 695 500 2300 2461 3156 3050 3800 3880 4110 3450 2851 2388 2200 466 100000 500 702 2388 
0 0 2461 2300 3050 3162 3880 3800 4550 4614 4802 4110 3450 2851 2388 702 500 100000 466 2200 
0 0 2307 2455 3156 3057 3800 3880 4614 4550 4614 3880 3156 2455 702 500 702 466 100000 466 
0 0 2463 2851 3450 3164 3880 4110 4802 4614 4550 3800 3050 2300 500 702 2388 2200 466 100000 
