NAME : pairopt
TYPE : ACVRP
DIMENSION : 11
EDGE_WEIGHT_TYPE : EXPLICIT
EDGE_WEIGHT_FORMAT : FULL_MATRIX
CAPACITY : 23757
VEHICLES : 2
EDGE_WEIGHT_SECTION
100000 -100000 -100000 100000 100000 100000 100000 100000 100000 100000 100000 
100000 100000 1000000 1919 431 1786 2723 195 2093 2531 2610 
100000 1000000 100000 2052 470 1935 2858 294 2210 2681 2754 
0 0 0 100000 500 466 2388 695 2200 702 500 
0 0 0 500 100000 702 2851 465 2388 2455 2300 
0 0 0 466 702 100000 702 505 466 500 702 
0 0 0 2388 2851 702 100000 2463 500 466 2200 
0 0 0 695 465 505 2463 100000 706 2307 2461 
0 0 0 2200 2388 466 500 706 100000 702 2388 
0 0 0 702 2455 500 466 2307 702 100000 466 
0 0 0 500 2300 702 2200 2461 2388 466 100000 
DEMAND_SECTION
1 0
2 0
3 0
4 3966
5 3966
6 3966
7 3966
8 3910
9 3966
10 3966
11 3966
DEPOT_SECTION
1
EOF