NAME : pairopt
TYPE : ACVRP
DIMENSION : 27
EDGE_WEIGHT_TYPE : EXPLICIT
EDGE_WEIGHT_FORMAT : FULL_MATRIX
CAPACITY : 51787
VEHICLES : 2
EDGE_WEIGHT_SECTION
100000 -100000 -100000 100000 100000 100000 100000 100000 100000 100000 100000 100000 100000 100000 100000 100000 100000 100000 100000 100000 100000 100000 100000 100000 100000 100000 100000 
100000 100000 1000000 2801 2801 2125 2125 1594 1594 1925 1702 2675 1848 2801 1579 1700 282 453 446 1569 2125 1925 2125 2675 2801 1840 276 
100000 1000000 100000 2817 2786 2101 2149 1634 1634 1926 1658 2675 1811 2817 529 1656 292 423 416 523 2101 1926 2149 2675 2786 1803 285 
0 0 0 100000 2200 2388 599 2300 3050 689 3112 466 2849 4550 2592 3398 2425 2798 3230 3526 4110 3880 3800 4614 4802 3698 3165 
0 0 0 2200 100000 599 2388 2851 3450 689 2495 466 2117 4802 2115 2870 2437 2380 2869 3239 3800 3880 4110 4614 4550 3236 3174 
0 0 0 2388 599 100000 2200 2388 2851 466 674 702 420 4110 420 2125 678 601 2121 2491 3050 3156 3450 3880 3800 2489 2474 
0 0 0 599 2388 2200 100000 500 2300 466 2638 702 2474 3800 2148 2854 670 2282 2635 2884 3450 3156 3050 3880 4110 3106 2461 
0 0 0 2300 2851 2388 500 100000 499 702 2393 2455 2392 3050 2045 2477 478 2036 2199 2343 2851 2455 2300 3156 3450 2633 696 
0 0 0 3050 3450 2851 2300 499 100000 2455 2479 3156 2641 2300 2351 2391 705 2208 2093 2042 2388 702 500 2455 2851 2390 457 
0 0 0 689 689 466 466 702 2455 100000 875 500 737 3880 512 2380 484 699 2237 2564 3156 3050 3156 3800 3880 2696 2314 
0 0 0 3112 2495 674 2638 2393 2479 875 100000 2702 254 3400 354 251 659 272 341 598 2126 2382 2856 3044 2872 496 760 
0 0 0 466 466 702 702 2455 3156 500 2702 100000 2374 4614 2207 3042 2273 2460 2945 3290 3880 3800 3880 4550 4614 3384 3064 
0 0 0 2849 2117 420 2474 2392 2641 737 254 2374 100000 3711 233 505 645 306 644 905 2504 2709 3117 3398 3251 749 888 
0 0 0 4550 4802 4110 3800 3050 2300 3880 3400 4614 3711 100000 3537 3111 3177 3303 2915 2601 2388 702 500 466 2200 2858 2435 
0 0 0 2592 2115 420 2148 2045 2351 512 354 2207 233 3537 100000 605 412 179 546 821 2504 2576 2894 3302 3251 850 789 
0 0 0 3398 2870 2125 2854 2477 2391 2380 251 3042 505 3111 605 100000 757 429 201 348 674 877 2637 2703 2496 244 650 
0 0 0 2425 2437 678 670 478 705 484 659 2273 645 3177 412 757 100000 391 593 788 2484 2326 2473 3076 3185 890 526 
0 0 0 2798 2380 601 2282 2036 2208 699 272 2460 306 3303 179 429 391 100000 366 629 2237 2324 2687 3042 2984 673 614 
0 0 0 3230 2869 2121 2635 2199 2093 2237 341 2945 644 2915 546 201 593 366 100000 264 666 789 2384 2581 2488 332 456 
0 0 0 3526 3239 2491 2884 2343 2042 2564 598 3290 905 2601 821 348 788 629 264 100000 428 520 2153 2219 2127 233 417 
0 0 0 4110 3800 3050 3450 2851 2388 3156 2126 3880 2504 2388 2504 674 2484 2237 666 428 100000 466 2200 702 500 430 685 
0 0 0 3880 3880 3156 3156 2455 702 3050 2382 3800 2709 702 2576 877 2326 2324 789 520 466 100000 466 500 702 749 492 
0 0 0 3800 4110 3450 3050 2300 500 3156 2856 3880 3117 500 2894 2637 2473 2687 2384 2153 2200 466 100000 702 2388 2479 677 
0 0 0 4614 4614 3880 3880 3156 2455 3800 3044 4550 3398 466 3302 2703 3076 3042 2581 2219 702 500 702 100000 466 2386 2286 
0 0 0 4802 4550 3800 4110 3450 2851 3880 2872 4614 3251 2200 3251 2496 3185 2984 2488 2127 500 702 2388 466 100000 2132 2449 
0 0 0 3698 3236 2489 3106 2633 2390 2696 496 3384 749 2858 850 244 890 673 332 233 430 749 2479 2386 2132 100000 648 
0 0 0 3165 3174 2474 2461 696 457 2314 760 3064 888 2435 789 650 526 614 456 417 685 492 677 2286 2449 648 100000 
DEMAND_SECTION
1 0
2 0
3 0
4 3966
5 3966
6 3966
7 3966
8 3966
9 3966
10 3966
11 926
12 3966
13 977
14 3966
15 973
16 936
17 3679
18 177
19 269
20 959
21 3966
22 3966
23 3966
24 3966
25 3966
26 977
27 3639
DEPOT_SECTION
1
EOF