NAME : pairopt
TYPE : ACVRP
DIMENSION : 13
EDGE_WEIGHT_TYPE : EXPLICIT
EDGE_WEIGHT_FORMAT : FULL_MATRIX
CAPACITY : 29707
VEHICLES : 2
EDGE_WEIGHT_SECTION
100000 -100000 -100000 100000 100000 100000 100000 100000 100000 100000 100000 100000 100000 
100000 100000 1000000 2801 2675 2801 2125 1594 268 2125 1594 1925 1594 
100000 1000000 100000 2942 2825 2942 2254 1675 368 2254 534 2075 1675 
0 0 0 100000 466 2200 2388 2300 2447 599 3450 689 2851 
0 0 0 466 100000 466 689 2455 2292 689 3156 599 2455 
0 0 0 2200 466 100000 599 2851 2449 2388 3050 689 2300 
0 0 0 2388 689 599 100000 2388 698 2200 2300 466 500 
0 0 0 2300 2455 2851 2388 100000 465 500 2388 702 2200 
0 0 0 2447 2292 2449 698 465 100000 688 694 495 469 
0 0 0 599 689 2388 2200 500 688 100000 2851 466 2388 
0 0 0 3450 3156 3050 2300 2388 694 2851 100000 2455 499 
0 0 0 689 599 689 466 702 495 466 2455 100000 702 
0 0 0 2851 2455 2300 500 2200 469 2388 499 702 100000 
DEMAND_SECTION
1 0
2 0
3 0
4 3966
5 3966
6 3966
7 3966
8 3966
9 3910
10 3966
11 3966
12 3966
13 3966
DEPOT_SECTION
1
EOF