NAME : pairopt
TYPE : ACVRP
DIMENSION : 21
EDGE_WEIGHT_TYPE : EXPLICIT
EDGE_WEIGHT_FORMAT : FULL_MATRIX
CAPACITY : 53464
VEHICLES : 2
EDGE_WEIGHT_SECTION
100000 -100000 -100000 100000 100000 100000 100000 100000 100000 100000 100000 100000 100000 100000 100000 100000 100000 100000 100000 100000 100000 
100000 100000 1000000 2801 2675 2125 1925 2125 1594 258 1594 2801 2675 2801 268 1594 1594 2125 1925 2125 2801 
100000 1000000 100000 2801 2675 2125 1925 2125 1594 258 1594 2801 2675 2801 268 1594 1594 2125 1925 2125 2801 
0 0 0 100000 466 3800 3880 4110 3450 2463 2851 4550 4614 4802 3164 3050 2300 500 702 2388 2200 
0 0 0 466 100000 3880 3800 3880 3156 2307 2455 4614 4550 4614 3057 3156 2455 702 500 702 466 
0 0 0 3800 3880 100000 466 2200 2388 2449 2851 500 702 2388 698 500 2300 3050 3156 3450 4110 
0 0 0 3880 3800 466 100000 466 702 2292 2455 702 500 702 495 702 2455 3156 3050 3156 3880 
0 0 0 4110 3880 2200 466 100000 500 2447 2300 2388 702 500 688 2388 2851 3450 3156 3050 3800 
0 0 0 3450 3156 2388 702 500 100000 684 499 2851 2455 2300 465 2200 2388 2851 2455 2300 3050 
0 0 0 2463 2307 2449 2292 2447 684 100000 465 3149 3042 3148 499 685 469 706 505 695 2461 
0 0 0 2851 2455 2851 2455 2300 499 465 100000 3450 3156 3050 693 2388 2200 2388 702 500 2300 
0 0 0 4550 4614 500 702 2388 2851 3149 3450 100000 466 2200 2449 2300 3050 3800 3880 4110 4802 
0 0 0 4614 4550 702 500 702 2455 3042 3156 466 100000 466 2292 2455 3156 3880 3800 3880 4614 
0 0 0 4802 4614 2388 702 500 2300 3148 3050 2200 466 100000 2447 2851 3450 4110 3880 3800 4550 
0 0 0 3164 3057 698 495 688 465 499 693 2449 2292 2447 100000 469 694 2463 2307 2461 3162 
0 0 0 3050 3156 500 702 2388 2200 685 2388 2300 2455 2851 469 100000 499 2300 2455 2851 3450 
0 0 0 2300 2455 2300 2455 2851 2388 469 2200 3050 3156 3450 694 499 100000 500 702 2388 2851 
0 0 0 500 702 3050 3156 3450 2851 706 2388 3800 3880 4110 2463 2300 500 100000 466 2200 2388 
0 0 0 702 500 3156 3050 3156 2455 505 702 3880 3800 3880 2307 2455 702 466 100000 466 702 
0 0 0 2388 702 3450 3156 3050 2300 695 500 4110 3880 3800 2461 2851 2388 2200 466 100000 500 
0 0 0 2200 466 4110 3880 3800 3050 2461 2300 4802 4614 4550 3162 3450 2851 2388 702 500 100000 
DEMAND_SECTION
1 0
2 0
3 0
4 3966
5 3966
6 3966
7 3966
8 3966
9 3966
10 3910
11 3966
12 3966
13 3966
14 3966
15 3910
16 3966
17 3966
18 3966
19 3966
20 3966
21 3966
DEPOT_SECTION
1
EOF